//key money boolean(general store) - Name - item quantity and repeat
1 995 false - Hatchet Shop - 1351 1000 1353 1000 1355 1000 1357 1000 1359 1000
2 995 false - General Store - 1931 30 10499 1000
3 995 false - Summoning Starter Ingredients - 12155 2147000000 12183 2147000000 2859 999999999 2138 999999999 6291 999999999 6319 999999999 1783 999999999 2134 999999999 137 999999999 6032 999999999 3325 999999999 12156 999999999 6010 999999999 12153 999999999 12109 999999999 12111 999999999 12113 999999999 12115 999999999 12117 999999999 12119 999999999 12121 999999999 1635 999999999
4 995 false - Summoning Intermediate Ingredients - 12155 2147000000 12183 2147000000 9978 999999999 1937 999999999 10103 999999999 10095 999999999 10099 999999999 6667 999999999 9736 999999999 7801 999999999 6287 999999999 8431 999999999 2150 999999999 7939 999999999 1963 999999999 1933 999999999 10117 999999999 14616 999999999 6979 999999999 2464 999999999
5 995 false - Summoning Master Ingredients - 12155 2147000000 12183 2147000000 2132 999999999 10020 999999999 5933 999999999 1442 999999999 1440 999999999 1438 999999999 1444 999999999 571 999999999 6155 999999999 10149 999999999 237 999999999 3226 999999999 10818 999999999 1119 999999999
6 995 false - Rotten Tomato Crate - 2518 1000
7 995 false - Hunting Shop - 10006 100 10008 100
10 995 false - Flasks - 23610 1000 23400 1000 23531 1000 23489 1000 23483 1000 23255 1000 23279 1000 23291 1000 23327 1000 23351 1000
11 995 false - Crafting Shop - 1755 100000 1625 100000 1627 100000 1629 100000 1623 100000 1621 100000 1619 100000 1617 100000 1595 100000 1597 100000 1592 100000 1609 1000 1611 1000 1613 1000 1607 1000 1605 1000 1603 1000 1601 1000 1734 100000 1733 100000
12 995 false - Mining Shop - 1265 100000 1267 100000 1269 100000 1273 100000 1271 100000 1275 100000
13 995 false - Nut Shop - 4012 1
14 995 false - Food Store - 316 100000 334 100000 330 100000 362 100000 380 100000 374 100000 7947 100000 386 100000 15267 100000 392 100000 7061 100000 26314 100000 21521 100000
18 995 false - Farming Shop - 5341 100 5343 100 5329 100 952 100 5370 500 5371 500 5372 500 5373 500 5374 500 5291 10000 5292 10000 5293 10000 5294 10000 5295 10000 5296 10000 5297 10000 5298 10000 14870 10000 5299 10000 5300 10000 5301 10000 5302 10000 5303 10000 5304 10000 21621 10000 5318 10000 5319 10000 5324 10000 5322 10000 5320 10000 5323 10000 5321 10000 5096 10000 5097 10000 5098 10000 5099 10000 5100 10000 14589 10000
21 995 false - Donator Clothing Store - 15039 100 15040 100 15042 100 15043 100 15044 100 15033 100 15034 100 15035 100 15036 100 15037 100 15038 100
22 995 false - Donator Summoning Shop - 1119 1000 12825 1000
23 995 false - Legendary Donator Shop - 29999 100 10548 100 10551 100 20789 100 20791 100 20787 100 20788 100 2665 100 2661 100 2663 100 3479 100 2667 100 4508 100 4509 100 4510 100 4511 100 4512 100 18705 100 18706 100 18707 100 18708 100 18709 100
24 29976 false - Donator Token Shop - 24437 1 24002 1 23992 1 24012 1 24022 1 24032 1 22207 1 22211 1 22213 1 22209 1 15486 1 6666 1 18744 1 18745 1 18746 1 15602 1 15600 1 15604 1 15608 1 15606 1 15610 1 15614 1 15612 1 15616 1 15620 1 15618 1 15622 1
//25 29976 false - null - 299 1000
26 29977 false - Voting Point Shop - 11015 100 11017 100 11018 100 11019 100 10732 100 5554 100 5553 100 5555 100 5556 100 5557 100 15701 100 15702 100 15703 100 15704 100 4151 100
27 29977 false - Voting Point Shop 2 - 13109 100 13113 100 13111 100 13115 100 7003 100 19331 100 19325 100 19323 100 6 100 8 100 10 100 12 100 
29 995 true - Slayer Shop - 4155 100 4164 100 4166 100 4161 100 6696 100 4156 100 6660 100 7051 100 4551 100 8923 100 7159 100 10952 100 6708 100 4158 100 4150 100 13280 100 13278 100 13279 100 4170 100 7421 100 4168 100 4162 100
30 29979 false - Forum Point Shop - 28002 100 28003 100 28006 100 28005 100 27198 100 27199 100 27200 100 27069 100 27071 100 29992 100 29991 100 29990 100 29989 100 29988 100 29987 100 28000 100
//31 29978 false - null - 18830 100
33 29978 false - Rewards Shop 2 - 6918 100 6916 100 6924 100 6922 100 6920 100 10334 100 10330 100 10332 100 10342 100 10338 100 10340 100 10344 100 10350 100 10348 100 10346 100 10352 100 19314 100 19317 100 19320 100 19311 100 19308 100 23673 100
39 4278 false - Ecto-Token Store - 19335 100 19336 100 19337 100 19338 100 15220 100 15018 100 15019 100 15020 100 6889 100 18337 100 19675 100 11848 100 11846 100 11854 100 11850 100 11856 100 11852 100 21768 1000 4740 100
40 6529 false - Equipment Store - 6522 10 6523 10 6524 10 6525 10 6526 10 6527 10 6528 10 6568 10
41 6529 false - Ores and gems - 438 5 436 5 440 2 1623 1 1621 1 6571 1 9194 50
42 6529 false - Rune Store - 554 1000 555 1000 556 100 557 1000 558 1000 559 1000 562 300 560 100
50 995 false - Extreme Donator Shop - 12471 100 12473 100 12475 100 21512 100 22994 100 9068 100 9069 100 9070 100 9071 100 9072 100 9073 100 9074 100 2657 100 2653 100 2655 100 3478 100 2659 100 4503 100 4504 100 4505 100 4506 100 4507 100
52 995 false - Skill Capes - 9748 50 9751 50 9754 50 9757 50 9760 50 9763 50 9766 50 9769 50 9772 50 9775 50 9778 50 9781 50 9784 50 9787 50 9793 50 9796 50 9799 50 9802 50 9805 50 9808 50 9811 50 12170 50 9790 50 18509 50
55 995 true - General Store - 1791 100 1935 100 1735 100 1925 100 3853 100 2552 100 11105 100 11118 100 1923 100 952 100 1887 100 590 100 1755 100 2347 100 550 100 9003 100 1540 100 8007 100 8008 100 8009 100 8010 100 8011 100 362 10000 380 10000 374 10000 386 10000 392 10000 954 1000 2368 100
56 995 false - Potion Shop - 2429 1000 114 1000 2433 1000 2445 1000 3041 1000 2435 1000 12141 1000 2431 1000 3025 1000 3009 1000 3017 1000 2447 1000 2449 1000 2453 1000 2437 1000 2441 1000 2443 1000 6685 1000
57 995 false - Herblore Shop - 228 2147000000 221 50000 225 50000 223 50000 1581 50000 1975 50000 239 50000 12630 50000 2152 50000 9736 50000 11807 50000 231 50000 12109 50000 10961 50000 1871 50000 2970 50000 11205 50000 10111 50000 9018 50000 11525 50000 241 50000 6049 50000 245 50000 3138 50000 247 50000 6051 50000 6093 50000 6018 50000 5972 50000 4621 50000 9594 50000 12539 50000 6810 50000
58 995 false - Skilling Store - 1265 100 1267 100 1269 100 1271 100 1273 100 1275 100 1351 100 1349 100 1353 100 1355 100 1357 100 1359 100 1361 100 1625 10000 1627 10000 1629 10000 1623 10000 1621 10000 1619 100000 1617 100000 1755 10000 946 100 233 100 1778 100000 9439 100000 1760 100000 2347 100000
59 995 false - Runecrafting Store - 1438 100 1440 100 1442 100 1444 100 1446 100 1448 100 1450 100 1452 100 1454 100 1456 100 1458 100 1460 100 1462 100
60 995 false - Magic Store - 11876 100 11872 100 11960 100 11962 100 1381 10000 1383 1000 1385 1000 1387 1000 4675 1000 3755 100 6106 100 6107 100 6108 100 6109 100 6110 100 6111 100
61 995 false - Ranged Equipment - 10498 100 10499 100 20068 100 1095 100 1129 100 11864 100 3749 100 839 100 841 100 859 100 861 100 837 100 9174 100 9176 100 9185 100 14684 100
62 995 false - Ranged Ammo - 811 10000 830 10000 868 10000 8882 10000 877 10000 9140 10000 9141 10000 9142 10000 9143 10000 9144 10000 882 10000 884 10000 886 10000 888 10000 890 10000 892 10000
63 995 false - Melee Equipment - 1712 100 11814 100 11818 100 11822 100 11826 100 11830 100 11834 100 11838 100 14527 100 5574 100 5575 100 5576 100 3751 100 12915 100 12929 100 4131 100 1540 1000
64 995 false - Melee Weaponry - 6746 1000 11037 1000 20671 100 1321 100 1323 100 1325 100 1327 100 6611 100 1329 100 1331 100 1333 100 1319 100 1215 100 1305 100 1377 100 1434 100 4587 100 3204 100
65 995 false - Skiller Gear - 3057 100 3058 100 3059 100 3060 100 3061 100 6654 100 6655 100 6656 100 6182 100 6180 100 6181 100
66 995 true - Skilling Shop - 5341 100 960 10000 8778 10000 10006 100 10008 100 303 100 311 100 301 100 307 100 309 100 313 10000 314 10000
67 11 false - Livid Farm Rewards - 9096 100 9097 100 9098 100 9099 100 9100 100 9101 100 9102 100 9104 100 9084 100 10615 100 10616 100 10617 100
68 995 false - Challenge Store - 1419 100 4566 100 4083 100 14936 100 14938 100 22314 100 24317 100 21462 100 21463 100 21464 100 22207 100 22209 100 22211 100 22213 100 20072 100 15241 100 10551 100 22361 100 22365 100 22369 100 24549 100 24437 100 13263 100
69 29968 true - Prestige Store - 18786 100 19789 100 19790 100 15403 100 14641 100 14642 100 24317 100 22207 100 22209 100 22211 100 22213 100 29932 100 26579 100 26584 100 26587 100 26591 100 26595 100 26599 100
70 29980 false - Ring Master Shop - 15484 100 20958 100 22268 100 20962 100 22270 100 20967 100 22272 100 22280 100 22282 100 22284 100 22286 100 20966 100 22274 100 22288 100 22288 100 22290 100 20965 100 22276 100 22292 100 22294 100 22300 100 22296 100 22298 100 22302 100 22905 100 22907 100 22899 100 22901 100 22903 100
71 995 false - Pet Shop - 1555 100 7583 100 22993 100 22995 100 22992 100 23030 100 12522 100 12518 100 12514 100 12516 100 12520 100 12512 100 14652 100 14653 100 14654 100 14655 100 14651 100 15626 100 12488 100 12551 100 14533 100 12481 100 18671 100 12500 100 12484 100 12490 100 12503 100 12506 100 12509 100
72 995 false - Pet Shop 2 - 13335 100 14627 100 14626 100 12486 100 19894 100 12498 100 12492 100 12496 100 12469 100
73 995 false - Fishing Supplies - 314 10000 301 10000 313 10000 309 10000 307 10000 303 10000 311 10000 10129 10000
74 995 false - Summoning Supplies - 15262 100000 12183 100000000 12155 100000000 2860 10000 2139 10000 6292 10000 441 10000 6319 10000 1784 10000 3115 10000 12168 10000 2135 10000 3139 10000 6033 10000 9976 10000 3326 10000 12157 10000 1520 10000 2350 10000 6011 10000 250 10000 12154 10000 591 10000 2352 10000 1636 10000 2133 10000 9979 10000 12161 10000 1938 10000 2354 10000 312 10000 10104 10000 10096 10000 10100 10000
75 995 false - Summoning Supplies 2 - 6668 10000 9737 10000 6288 10000 8432 10000 2151 10000 2360 10000 7940 10000 384 10000 1964 10000 1934 10000 10118 10000 14617 10000 6980 10000 2465 10000 10021 10000 2362 10000 12162 10000 5934 10000 1443 10000 1439 10000 1445 10000 1441 10000 572 10000 6156 10000 10163 10000 2364 10000 238 10000 3227 10000 1116 10000
76 995 false - Magic Supplies - 554 1000000 555 1000000 556 1000000 557 1000000 558 1000000 559 1000000 560 1000000 561 1000000 562 1000000 563 1000000 564 1000000 565 1000000 566 1000000 4694 1000000 4695 1000000 4696 1000000 4697 1000000 4698 1000000 4699 1000000 9075 1000000 10149 100 10146 100 10147 100 10148 100 10142 100 10143 100 10144 100 10145 100
81 995 false - Donator Shop - 24317 1 21777 15242 1 2572 1 4151 1
82 14639 true - Pvp Store - 13887 1000 13893 1000 13899 1000 13905 1000 13911 1000 13917 1000 13923 1000 13929 1000 13884 1000 13890 1000 13896 1000 13902 1000 13908 1000 13914 1000 13920 1000 13926 1000 13858 1000 13861 1000 13864 1000 13867 1000 13932 1000 13935 1000 13938 1000 13941 1000 13870 1000 13873 1000 13876 1000 13879 1000 13883 1000 13944 1000 13947 1000 13950 1000 13953 1000 13957 1000
83 995 false - Construction Store - 2347 100 8794 100 960 10000 8778 10000 8780 10000 8782 10000 1761 10000 3420 10000 8786 10000 1539 10000 4819 10000 4820 10000 4821 10000 4822 10000 4823 10000 4824 10000 8784 10000 8790 10000 8431 10000 8433 10000 8435 10000 8788 10000 1775 10000
84 995 false - Challenge Store - 1419 100 4566 100 4083 100 14936 100 14938 100 22314 100 24317 100 21462 100 21463 100 21464 100 22207 100 22209 100 22211 100 22213 100 20072 100 15241 100 10551 100 22361 100 22365 100 22369 100 24549 100 24437 100 13263 100
85 995 false - Elite Fishing Store - 301 10000 303 10000 305 10000 307 10000 309 10000 311 10000 313 10000000 314 10000000 321 10000 363 10000 341 10000 345 10000 353 10000 349 10000 331 10000 335 10000 359 10000 371 10000 377 10000 7944 10000 24852 10000
86 995 false - Elite Mining Store - 1275 10000 15259 10000 13661 10000 20787 10000 20788 10000 20789 10000 20790 10000 20791 10000 5013 10000
87 995 false - Elite Crafting Store - 18650 10000 1592 10000 1595 10000 1597 10000 1733 10000000 1734 10000000
88 995 false - Elite Cooking Store - 1949 10000 25180 10000 25181 10000 25182 10000 25183 10000 25184 10000 7433 10000 7435 10000 7437 10000 7439 10000 7441 10000 7443 10000 7445 10000 7447 10000 7449 10000 7451 10000
89 995 false - Max Cape Shop - 29953 50 29952 50 29951 50 29950 50 29949 50 29948 50 29947 50 29946 50 29945 50 29944 50 29943 50 29942 50 29941 50 29940 50 29939 50 29938 50 29937 50 29936 50 29935 50 29934 50 29933
90 29931 false - Halloween Event - 9920 100 11789 100 14076 100 14077 100 14081 100 14078 100 14079 100 14080 100 15352 100 22322 100 22323 100 1419 100 22321 100 1959 100
91 995 false - Supreme Donator Shop - 20494 100 20495 100 20496 100 20497 100 20498 100 20499 100 20500 100 20501 100 2 100000 24359 100 24360 100 24361 100 24362 100 24363 100 24364 100 15220 100
92 995 false - Mycelium Armour Shop - 1935 100 22452 10 22454 10 22456 10 22448 0
//94 995 false - null - 1 1
95 995 false - Beefy Bill's Supplies - 1931 30 1929 10 1937 10 2313 10 1887 10 590 10 1735 10 1951 10 1969 10 1949 10 9703 10 9704 10 9705 10 9706 30
96 995 false - Shantay Pass Shop - 1823 30 1831 30 1937 10 1921 10 1929 10 946 10 1833 10 1835 10 1837 10 2349 0 314 1000 2347 10 1925 30 1923 10 1935 10 1854 300 954 100
97 29924 false - Christmas Shop - 20077 100 29985 100 15422 100 15423 100 15425 100 15426 100 10507 100 11949 100 14596 100 14595 100 14602 100 14603 100 14605 100 6856 100 6857 100 6858 100 6859 100 6860 100 6861 100 6862 100 6863 100
98 995 false - Gem Trader - 1623 0 1621 0 1619 0 1617 0 1607 0 1605 0 1603 0 1601 0
99 995 false - Ali's Discount Wears - 1931 100 1935 100 1823 100 1833 100 1837 100 1925 100 4593 100 4591 100 970 100 946 100 590 100 1265 100 2138 100
100 995 false - Louie's Armoured Legs Bazaar - 1075 10 1067 10 1069 10 1077 10 1071 10 1073 10
101 995 false - Diango's Toy Store - 2520 10 2522 10 2524 10 2526 10 4613 10 12844 10 20179 10 20180 100 3006 150 20722 400 20716 10 20718 10 20725 10 20714 10
102 995 true - Olivia's Seed Market - 5318 10 5319 10 5324 10 5322 0 5320 0 5323 0 5321 0 5305 10 5306 10 5097 10 5096 10 5307 10 5308 10 5309 10 5310 10 5311 10
103 995 false - Fortunato's Wine Store - 1935 100 1993 100 7919 100 7810 100 7921 0
104 995 false - Wizard Mizgog's Store - 1478 100
105 995 false - Aubury's Rune Shop - 554 300 555 300 556 300 557 300 558 100 559 100 562 30 560 10
106 995 true - Trader Stan's Trading Post - 1931 30 1935 10 1735 10 1925 30 1923 10 1887 10 590 10 1755 10 2347 10 550 10 900
107 995 true - Brian's Battleaxe Bazaar - 1375 10 1363 10 1365 10 1367 10 1369 10 1371 10
108 995 true - Gerrant's Fishy Business - 303 10 307 10 309 10 311 1000 301 10 313 1000 314 1000 317 0 327 10 345 0 321 0 335 0 349 0 331 0 359 0 377 0 371 0
109 995 true - Grum's Gold Exchange - 1635 0 1637 0 1639 0 1641 0 1643 0 1654 0 1656 0 1658 0 1660 0 1662 0 1692 0 1694 0 1696 0 1698 0 1700 0 11069 0 11072 0 11076 0 11085 0 11092 0
110 995 true - Wydin's Food Store - 1933 500 2132 10 2138 10 1965 10 1963 0 1951 0 2309 0 1973 0 1985 0 1982 10 1942 10 1550 10
111 995 true - Betty's Magic Emporium - 554 300 555 300 556 300 557 300 558 100 559 100 562 30 560 10 221 300 579 10 1017 10
112 995 true - Farming Shop - 5341 10 5343 10 1735 10 952 10 5325 10 5331 10 5354 100 6032 100 6032 300 1925 100 5418 10 5376 10 1942 0 1957 0 1965 0 1982 0 5986 0 5504 0 5982 0 5994 0 5996 0 5998 0 6000 0 6002 0 5931 0 6006 0 6036 10
113 995 true - Puro Puro Shop - 11259 100 10010 100 11260 10000
130 995 true - Construction Supplies - 8794 10 8790 30 4819 300 4820 300 1539 300
131 995 true - Skill Hoods - 9749 50 9752 50 9755 50 9758 50 9761 50 9764 50 9767 50 9770 50 9773 50 9776 50 9779 50 9782 50 9785 50 9788 50 9794 50 9797 50 9800 50 9803 50 9806 50 9809 50 9812 50 12171 50 9791 50 18510 50
132 995 true - Achievement Capes - 20754 50 20755 50 20756 50 20757 50 20758 50 20759 50 20760 50 20761 50 20762 50 20767 50 20768 50 9813 50 9814 50 20769 50 20770 50 20771 50 20772 50
133 995 true - Farming Tools - 952 10 5341 10 5343 10 5329 10 6036 10 2283 10 5331 10 6032 10 6034 10
134 995 true - Farming Tree Seeds - 5283 100 5284 100 5285 100 5286 100 5287 100 5288 100 5289 100 5312 100 5313 100 5314 100 5315 100 5316 100
135 995 true - Farming General Seeds - 5318 100 5319 100 5320 100 5321 100 5322 100 5323 100 5324 100 5291 100 5292 100 5293 100 5294 100 5295 100 5296 100 5297 100 5298 100 5299 100 5300 100 5301 100 5302 100 5303 100 5304 100 12621 100 5096 100 5096 100 5097 100 5098 100 5099 100 5100 100 14589 100
136 995 true - Farming Misc Seeds - 5101 100 5102 100 5103 100 5104 100 5104 100 5105 100 5106 100 5305 100 5307 100 5308 100 5306 100 5309 100 5310 100 5311 100 19897 100 19907 100 19902 100 19912 100 19917 100 21620 100 5280 100 5281 100
137 29920 false - Assassin's Store - 28800 100 28801 100 28802 100 28803 100 28804 100 28805 100 28008 100 28011 100 21467 100 21468 100 21469 100 21470 100 21471 100 25825 100 25827 100 25829 100 25831 100 25833 100 25835 100 25837 100 25839 100 25841 100 25843 100 25845 100 25847 100 25849 100 25851 100 25853 100
138 12852 false - PvP Point Store - 15773 10 16425 10 16955 10 16909 10 26352 10 26353 10 26354 10 26334 10 26335 10 26336 10 21472 10 21473 10 21474 10 21475 10 21476 10 11726 10 11724 10 11718 10 11720 10 11722 10 11696 10 11700 10 11698 10 11694 10 11283 10 14484 10 13738 10 13744 10 18786 10 13899 10 19893 10 19748 10 19669 10 13740 10 13742 10 21467 10 21468 10 21469 10 21470 10 21471 10 21462 10 21463 10 21464 10 21465 10 21466 10
139 29977 false - PvP Vote Store - 18349 100 18351 100 18353 100 18357 100 10330 100 24352 100 20135 100 20139 100 20143 100 24977 100
140 995 false - PvP Supply Shop - 9245 100 13086 100 21682 100 21714 100 11217 100 139 100 9185 100 9244 100 10499 100 555 100000 557 100000 9075 100000 565 100000 4091 100 4093 100 4675 100
141 995 false - Rune Shop - 554 1000000 555 1000000 556 1000000 557 1000000 558 1000000 559 1000000 560 1000000 561 1000000 562 1000000 563 1000000 564 1000000 565 1000000 566 1000000 4694 1000000 4695 1000000 4696 1000000 4697 1000000 4698 1000000 4699 1000000 9075 1000000
142 995 false - Armour Shop - 1712 100 11814 100 11818 100 11822 100 11826 100 11830 100 11834 100 11838 100 14527 100 1725 100 5574 100 5575 100 5576 100 3753 100 3751 100 4131 100 13004 100 1540 1000
143 995 false - Magic Equipment Shop - 11876 100 11872 100 11960 100 11962 100 1381 10000 1383 1000 1385 1000 1387 1000 4675 1000 2414 100 2412 100 2413 100 3755 100 6106 100 6107 100 6108 100 6109 100 6110 100 2417 100 2415 100 2416 100
144 995 false - Mining Shop - 1265 100 1267 100 1269 100 1271 100 1273 100 1275 100
146 995 false - Weaponry Shop - 6746 1000 11037 1000 20671 100 10887 1000 1321 100 1323 100 1325 100 1327 100 6611 100 1329 100 1331 100 1333 100 1319 100 1215 100 1305 100 1377 100 1434 100 4587 100 3204 100
147 995 false - Skilling Shop - 1351 100 1349 100 1353 100 1355 100 1357 100 1359 100 1361 100 1625 10000 1627 10000 1629 10000 1623 10000 1621 10000 1619 100000 1617 100000 1755 10000 946 100 233 100 1778 100000 9439 100000 1760 100000 2347 100000
148 995 false - Pure Shop - 22424 100 22425 100 22423 100 22422 100 22420 100 22421 100 3105 100 1725 100 1712 100 4502 100 7534 100 12213 100 6188 100 7003 100 579 100 1017 100 2910 100 2940 100 6107 100 1115 100 1153 100 11090 100 2550 1000 4587 100 1215 100 1333 100 1319 100 6108 100 1067 100 4121 100
149 995 false - Archery Shop - 10498 100 10499 100 20068 100 1095 100 1129 100 11864 100 3749 100 839 100 841 100 859 100 861 100 837 100 9174 100 9176 100 9185 100 14684 100 811 10000 830 10000 868 10000 8882 10000 9140 10000 9141 10000 9142 10000 9143 10000 9144 10000 884 10000 886 10000 888 10000 890 10000 892 10000
150 995 false - Outfit Shop - 3057 100 3058 100 3059 100 3060 100 3061 100 6654 100 6655 100 6656 100 6182 100 6180 100 6181 100
151 995 false - Master Capes - 31268 100 31269 100 31270 100 31271 100 31272 100 31273 100 31274 100 31275 100 31276 100 31277 100 31278 100 31279 100 31280 100 31281 100 31282 100 31283 100 31285 100 31286 100 31287 100 31288 100 31289 100 31290 100 31291 100 31292 100 19709 100